Manuel 1191524444 1 04 34 21
Rhiannon 349163527 1 23 37 43
Kyung 1191312138 2 03 57 25
Lita 1161081908 1 09 14 39
Dannie 597729059 2 21 05 31
Neal 1145590963 2 06 21 44
Gaynelle 1298656366 1 16 54 31
Karine 394893628 2 22 50 29
Edgardo 1145446349 1 18 47 51
Sharri 1173034043 2 10 43 29
Karri 256519654 2 08 51 42
Laraine 480346432 2 06 21 58
Harriette 1317849516 1 08 15 31
Hal 1155500146 1 16 51 45
Janell 1306924359 2 09 23 20
Carrie 430456457 1 09 34 32
Cleora 1170356066 2 11 26 14
Belva 1167805456 1 08 47 41
Rudy 1091516853 1 04 00 13
Marg 316520100 2 18 40 28
Liane 1121291628 1 15 54 35
Antony 1119761959 1 20 41 49
Nathanael 1171182937 2 08 34 37
Berry 1345045027 1 22 41 54
Man 1307911568 2 12 59 27
Alissa 689106992 1 17 28 08
Belva 132860147 2 08 58 21
Karine 1145592598 1 02 49 25
Edna 601268521 1 13 43 10
Na 1165212777 1 00 45 27
Matilda 1351191877 1 11 11 05
Edna 1109015537 1 03 34 13
Scottie 1164775282 2 14 23 17
Nathanael 242163015 2 16 43 55
Jamila 1224772077 1 12 06 48
Eda 427535672 1 06 03 52
Rigoberto 442759468 2 08 35 32
Tula 1159031964 2 07 59 06
Kenda 376359531 1 03 14 13
Shawana 367101436 1 12 07 45
Margene 1102768616 1 04 50 34
Rayford 1127928777 2 16 22 42
Lewis 1088587598 1 16 50 29
Gilberte 1119993780 1 16 24 32
Rima 663064521 2 10 04 32
Shirlene 293591244 2 19 07 30
Nathalie 1341151649 2 08 00 52
Delmar 1251258423 2 23 34 27
Tula 1117862502 1 15 47 55
Magnolia 1014154699 2 21 44 09
Ida 287390083 2 03 59 31
Edna 1152790801 1 04 46 48
Kenda 1227829288 1 04 57 34
Rogelio 1128980739 1 03 20 51
Mickey 1328022912 1 16 06 39
Elisabeth 1158521036 1 15 10 14
Debi 1123467983 1 04 55 46
Elias 1198805173 2 00 04 06
Venice 1109111682 2 17 00 21
Harriette 602508138 1 15 37 26
Elias 1238513157 2 03 28 35
Alissa 1091457485 2 00 12 35
Emilio 993933417 2 23 11 24
Inell 1086654301 2 12 23 27
Georgette 339122799 2 05 36 46
Nathanael 1111368621 1 04 41 46
Deborah 1316356255 2 11 36 42
Venice 1227967078 1 07 57 54
Elias 1016835194 2 23 22 24
Logan 1339597871 1 16 44 11
Genie 1272149072 2 21 57 22
Jazmine 1345045413 2 17 55 24
Marline 1121544134 1 23 50 48
Saran 1003579358 1 13 59 40
Moira 597753309 1 18 44 15
Patria 1330855272 2 20 29 13
Arcelia 299676965 1 13 46 08
Magnolia 1262000711 1 13 56 00
Fidel 1257285277 1 08 43 25
Sonya 1236745986 2 16 53 25
Rigoberto 1287622770 2 06 29 29
Isadora 943735184 2 11 55 58
Evette 1194272285 1 19 30 07
Angelia 705535007 1 16 27 50
Deangelo 1311254239 1 22 59 40
Olinda 1195163337 2 12 29 47
Solange 372736698 1 04 20 41
Magnolia 205496141 1 17 28 45
Johnie 258080292 1 23 55 24
Marline 198199244 2 13 40 56
Tula 1090961044 2 22 33 29
Johnnie 1192942619 2 02 25 20
Agnus 1117592530 2 17 58 37
Simone 1100810617 2 16 49 04
Chrystal 267144726 1 00 57 00
Ida 1297820141 2 06 48 47
Cecelia 1055488292 2 00 49 23
Saran 394904003 1 04 39 21
Agnus 530203014 1 09 13 31
Jc 353245718 2 20 45 47
